-5.0, 3.6383426822500216
-4.9, 1.6163870807630834
-4.800000000000001, 0.612283458650599
-4.7, 5.889032971202525
-4.6000000000000005, 5.456288129960681
-4.5, 0.7885527065879177
-4.4, 5.81780711519724
-4.3, 9.776394954773714
-4.2, 7.690303264916043
-4.1000000000000005, 4.664919919723486
-4.0, 0.6833603674779902
-3.9000000000000004, 7.058573441601228
-3.8000000000000003, -0.011774066792063387
-3.7, 5.273626484444257
-3.6, 4.0586922403479635
-3.5, 5.467667049382322
-3.4000000000000004, 9.500584162797404
-3.3000000000000003, 5.932967333579355
-3.2, 3.237365750880337
-3.1, 5.72080438934091
-3.0, 8.244912859840914
-2.9000000000000004, 10.778288951760604
-2.8000000000000003, 7.213558500571721
-2.7, 6.290061504561638
-2.6, 9.350464134637935
-2.5, 8.767892769313834
-2.4000000000000004, 5.5113486923020725
-2.3000000000000003, 13.022460673605991
-2.2, 9.13920280484494
-2.1, 7.404256866224985
-2.0, 9.138734907386322
-1.9000000000000001, 6.092880436567299
-1.8, 14.832152917331765
-1.7000000000000002, 8.828760740958565
-1.6, 10.325501372715888
-1.5, 11.761743884241785
-1.4000000000000001, 15.990066092546954
-1.3, 9.744680696459506
-1.2000000000000002, 10.81265774379048
-1.1, 15.17170325263763
-1.0, 7.424442448124564
-0.9, 11.966152742463915
-0.8, 13.06680822530208
-0.7000000000000001, 15.522180716018406
-0.6000000000000001, 9.613018196434828
-0.5, 6.813900479568831
-0.4, 14.118345338695171
-0.30000000000000004, 9.385324594916975
-0.2, 11.462092085764626
-0.1, 13.290013993534554
0.0, 9.248996871913894
0.1, 13.058798965429784
0.2, 13.681597306282187
0.30000000000000004, 10.301221361714767
0.4, 8.056566256430926
0.5, 13.15042958490485
0.6000000000000001, 15.92633697543977
0.7000000000000001, 9.43904312730839
0.8, 11.102828186348843
0.9, 12.554406088168648
1.0, 9.80225381263256
1.1, 13.218924615865937
1.2000000000000002, 11.64994885553348
1.3, 10.57694935473497
1.4000000000000001, 9.300271136183518
1.5, 11.052917742948136
1.6, 8.206303522738883
1.7000000000000002, 7.121058825943859
1.8, 9.650662700731026
1.9000000000000001, 8.116788053735432
2.0, 7.639944075481267
2.1, 7.396564006563118
2.2, 9.4882710279008
2.3000000000000003, 6.949471713397481
2.4000000000000004, 10.660049866715777
2.5, 10.991499255149506
2.6, 0.349962139056208
2.7, 6.81831471514105
2.8000000000000003, 10.63461651980878
2.9000000000000004, 4.287050025702493
3.0, 1.0974983433866576
3.1, 1.0595879332768918
3.2, 8.331471185186015
3.3000000000000003, 11.38781707799097
3.4000000000000004, 10.219242022200175
3.5, 3.9840441651001144
3.6, 1.2344236330131633
3.7, 1.4533707046720572
3.8000000000000003, 3.3058329172634973
3.9000000000000004, 5.142129327107744
4.0, 2.1651067849475116
4.1000000000000005, 4.082756794140445
4.2, 7.260629809710242
4.3, 2.240544588660586
4.4, 0.8926712068457663
4.5, 0.13694203651108872
4.6000000000000005, -1.3047537318050977
4.7, 2.1375841007467766
4.800000000000001, 3.0193754508580857
4.9, 3.459962040542368
5.0, 0.897158702923775
5.1000000000000005, -0.9205598127400232
5.2, 5.260531879166557
5.300000000000001, 5.634465806241598
5.4, 4.248814520800773
5.5, -1.752269555972699
5.6000000000000005, 4.1377798032410595
5.7, -1.4350674895908144
5.800000000000001, -3.1271575013584503
5.9, -0.748325247788171
6.0, -1.5748153490279142
6.1000000000000005, -0.605792045663711
6.2, -0.6872539411688849
6.300000000000001, -4.262902544246604
6.4, -0.992981606549636
6.5, -2.264390936872801
6.6000000000000005, -2.4560338755869484
6.7, -6.022990611623706
6.800000000000001, -3.60974712828689
6.9, -1.0874248950412997
7.0, -6.815016843989547
7.1000000000000005, -6.829608813057803
7.2, -2.455156951734633
7.300000000000001, -4.428612495795647
7.4, -5.376388716593285
7.5, -5.650387795735074
7.6000000000000005, -5.576455191375068
7.7, -4.189633117917401
7.800000000000001, -1.0442764373755473
7.9, -3.494789730123788
8.0, -2.936345993827255
8.1, -1.624779036419901
8.200000000000001, -5.434018050854609
8.3, -6.527458125344678
8.4, -6.280585426987874
8.5, -3.530096468992519
8.6, -7.123625280433203
8.700000000000001, -4.717604295947094
8.8, -9.059240671328755
8.9, -4.3631408005567565
9.0, -6.134205846900231
9.1, -2.5984824076370496
9.200000000000001, -4.215739857094005
9.3, -4.020660387345918
9.4, -3.2814883864632005
9.5, -2.870793818465801
9.600000000000001, -2.250511833313598
9.700000000000001, -2.7926157208442004
9.8, -7.91499744250848
9.9, -4.384294377721953
10.0, -5.17922710531579
10.100000000000001, -9.599295800002851
10.200000000000001, -10.93007663857707
10.3, -8.614092740156938
10.4, -6.525726307723062
10.5, -8.380404142770603
10.600000000000001, -2.1700607210604246
10.700000000000001, -6.249149505203529
10.8, 3.5884591243183204
10.9, -9.747178697099898
11.0, -5.647791722766614
11.100000000000001, -2.4047561656431498
11.200000000000001, -4.0784726127153625
11.3, 0.09438604537805784
11.4, -3.2015339658567044
11.5, -1.7702003359999856
11.600000000000001, 0.7594623493525745
11.700000000000001, -1.3805961462889862
11.8, -3.89110607963228
11.9, 0.7602544671997506
12.0, -5.205932407167988
12.100000000000001, -2.821034961864755
12.200000000000001, -10.698659710683357
12.3, -2.3717039417085326
12.4, -1.922953195748876
12.5, 1.2874942837839982
12.600000000000001, -0.48899530349070097
12.700000000000001, 3.6992803100823823
12.8, 3.794272542964312
12.9, 2.426212305471606
13.0, -0.16679090703030441
13.100000000000001, -3.521331013753923
13.200000000000001, -1.0162973431893683
13.3, 0.9703765225542462
13.4, 1.4984734110448272
13.5, 5.738380098261536
13.600000000000001, 6.767601936241503
13.700000000000001, 0.47325651365041077
13.8, 6.381176037702966
13.9, 1.9460787191438493
14.0, 5.647809226640144
14.100000000000001, 8.08640989794933
14.200000000000001, 0.6788816402850495
14.3, 6.341895139372283
14.4, 3.8527962587628304
14.5, 8.279787122139638
14.600000000000001, 6.2686352581639975
14.700000000000001, 7.487679524930662
14.8, 13.118617693476574
14.9, 7.6095906533230835
15.0, 9.767189608302605
15.100000000000001, 9.45619450054541
15.200000000000001, 10.202785729054778
15.3, 5.197959288968756
15.4, 5.037989485555374
15.5, 5.959978252693975
15.600000000000001, 8.04669569944366
15.700000000000001, 6.692986084299142
15.8, 3.5902804875875907
15.9, 9.444558810707056
16.0, 3.181500648183457
16.1, 9.948697222262371
16.2, 9.712565967470642
16.3, 11.02107266963006
16.400000000000002, 11.01588789528148
16.5, 6.587257616067863
16.6, 8.150866443933836
16.7, 7.54343035493353
16.8, 8.456942889084495
16.900000000000002, 17.223456253353604
17.0, 8.834494746678766
17.1, 12.751779136960259
17.2, 13.177216253633937
17.3, 12.70070310374218
17.400000000000002, 7.456149706891928
17.5, 9.956782635748443
17.6, 15.096490504972223
17.7, 12.730258122345765
17.8, 12.826347496925134
17.900000000000002, 9.39136729994237
18.0, 12.094828425921936
18.1, 16.65651300024836
18.2, 9.820171673718098
18.3, 6.657210014208147
18.400000000000002, 10.617555047473612
18.5, 13.313190937572639
18.6, 13.620778811163532
18.7, 11.118142605397997
18.8, 11.252017858380343
18.900000000000002, 10.59927495574422
19.0, 10.418414602255574
19.1, 8.942406982559566
19.200000000000003, 9.695081093781317
19.3, 12.515866043282443
19.400000000000002, 8.740408801026481
19.5, 7.443796915609967
19.6, 12.30640359392968
19.700000000000003, 14.885969681922813
19.8, 14.03559368986582
19.900000000000002, 8.925478623203647
20.0, 11.037786201586584
20.1, 12.80987639214025
20.200000000000003, 8.604256529649454
20.3, 8.196463066102684
20.400000000000002, 6.137581294640487
20.5, 9.445933532668958
20.6, 1.9505800200286085
20.700000000000003, 6.228361760628422
20.8, 10.257150605424425
20.900000000000002, 7.689983934136134
21.0, 2.268972472292287
21.1, 1.9642607562479562
21.200000000000003, 7.577662533770968
21.3, 1.2259589911971833
21.400000000000002, 5.27229973190858
21.5, -0.23581323931050413
21.6, 8.18808291405932
21.700000000000003, 5.151517423699719
21.8, 6.061130377409449
21.900000000000002, -1.4053449058399767
22.0, 5.40446211285366
22.1, 8.467474649770868
22.200000000000003, 3.056190200874831
22.3, 4.645536789069618
22.400000000000002, 6.096642780489144
22.5, 1.168021455583312
22.6, 0.24417373239785878
22.700000000000003, 4.730443636603285
22.8, 2.380494482202016
22.900000000000002, 1.8447973002615523
23.0, -0.7387801919609034
23.1, -0.5901295774305102
23.200000000000003, 7.391454277441863
23.3, 4.185933297701693
23.400000000000002, -0.1034098532388048
23.5, -2.183736102955984
23.6, 2.459485116025106
23.700000000000003, 1.535346640225899
23.8, -3.1792968857577564
23.900000000000002, 1.839880698162316
24.0, -4.771086845650313
24.1, -1.126408668064258
24.200000000000003, -3.44019135291943
24.3, 1.0046980716054739
24.400000000000002, -3.869403618462071
24.5, -2.70946483781686
24.6, -7.565640284191689
24.700000000000003, -4.480048615794109
24.8, -5.940192175373759
24.900000000000002, -3.1650278410743047
25.0, 0.1577438146201131
25.1, -0.4826385833361768
25.200000000000003, -0.6407071287755919
25.3, 6.9556072124374655
25.400000000000002, -4.973283413844486
25.5, -2.840518336079596
25.6, 3.164049748033758
25.700000000000003, -5.502258115366489
25.8, -3.0144869592531123
25.900000000000002, -0.7964065010533785
26.0, -7.047874264725149
26.1, -7.09379073618924
26.200000000000003, -9.822197724896977
26.3, -4.248110366853053
26.400000000000002, -9.57345667823483
26.5, -1.703186436776977
26.6, -6.332845987340815
26.700000000000003, -4.359603404861067
26.8, -1.5725273979702186
26.900000000000002, -7.848093667188736
27.0, -10.827136473172697
27.1, -3.7862160890799137
27.200000000000003, -5.578398161135423
27.3, -1.304970537531216
27.400000000000002, -7.326932157020901
27.5, -5.750774958930912
27.6, -6.2506446324712055
27.700000000000003, -4.21102872571364
27.8, -3.5182110025858684
27.900000000000002, -6.493018123884446
28.0, -3.6977687348140433
28.1, -1.3088700968716287
28.200000000000003, -0.6799025983626379
28.3, -3.4623352602413995
28.400000000000002, -5.48362571894003
28.5, -8.209824844355191
28.6, -1.9661661086633488
28.700000000000003, -6.034980609500009
28.8, -3.1379981567000836
28.900000000000002, -8.013133123891148
29.0, 0.15647577072933672
29.1, 1.1878640723378142
29.200000000000003, -1.3218843420444308
29.3, -4.090194893013924
29.400000000000002, -7.928633363456094
29.5, -8.47222504867423
29.6, -2.722028626770778
29.700000000000003, -4.385586346377506
29.8, -1.1742595097842077
29.900000000000002, -0.7207038773841032
30.0, -0.2958090878038946
30.1, -2.617260555571233
30.200000000000003, 0.44890697677258484
30.3, -2.8309421175470195
30.400000000000002, 0.3841219579803339
30.5, -6.582918976309109
30.6, 1.0980797960080135
30.700000000000003, 0.07978615080887475
30.8, 2.0283515078746617
30.900000000000002, -0.9171749594445524
31.0, 4.5875155547713256
31.1, -7.020909607618857
31.200000000000003, 2.665864713706726
31.3, 2.399024912969585
31.400000000000002, 5.018101394013131
31.5, 3.826469632402694
31.6, 0.7418285114813179
31.700000000000003, 4.096694705729816
31.8, 5.726137019134585
31.900000000000002, 5.562677317914801
32.0, 3.955460033214857
32.1, 4.4107193032013745
32.2, 4.867407705468013
32.300000000000004, 9.702620337346204
32.4, 3.636581955327528
32.5, 3.2096860721478637
32.6, 7.787149853326686
32.7, 7.385341243418852
32.800000000000004, 3.548893469903342
32.9, 4.51756673226662
33.0, 5.782394884744605
33.1, 8.047701831234296
33.2, 4.284433031023166
33.300000000000004, 10.483313771635457
33.4, 4.40596779088945
33.5, 3.134418980290608
33.6, 5.534839572690856
33.7, 8.228496900699271
33.800000000000004, 5.6280653382980095
33.9, 6.624108090431925
34.0, 11.69663186131978
34.1, 9.231346528795035
34.2, 6.41776705605063
34.300000000000004, 11.477314581858865
34.4, 8.345037854555413
34.5, 11.085211450014674
34.6, 10.792481444281414
34.7, 11.328375880058365
34.800000000000004, 12.35727736944517
34.9, 15.475844933430912
35.0, 10.286199680711091
35.1, 7.254780709152186
35.2, 8.994486944782178
35.300000000000004, 9.040130686727343
35.4, 14.253752903069557
35.5, 11.540795770961005
35.6, 12.34162933328215
35.7, 12.093116703298941
35.800000000000004, 11.28365713151167
35.9, 11.130253190432418
36.0, 9.52052943780919
36.1, 9.190384070386262
36.2, 9.118575032402894
36.300000000000004, 11.877043722254882
36.4, 4.809186069670919
36.5, 9.834155224020515
36.6, 11.005064568364066
36.7, 9.642743510463928
36.800000000000004, 9.869851616577144
36.9, 15.048856167293035
37.0, 8.152853900825674
37.1, 13.23313547860973
37.2, 14.04767244940301
37.300000000000004, 8.296601488077304
37.4, 10.416694954190515
37.5, 8.720169558402132
37.6, 9.693842291778486
37.7, 9.588804005124405
37.800000000000004, 8.546231082293101
37.9, 11.182852251958126
38.0, 1.6198775807675414
38.1, 15.26454365998891
38.2, 11.40866183811945
38.300000000000004, 6.3288484303432035
38.400000000000006, 7.532943298451011
38.5, 3.635515664617805
38.6, 9.281054543035351
38.7, 8.81641342627634
38.800000000000004, 15.893392719227004
38.900000000000006, 6.070274259562465
39.0, 6.760749625005771
39.1, 8.925074462672395
39.2, 12.184111109996106
39.300000000000004, 5.721122275725407
39.400000000000006, 9.782302056382422
39.5, 2.008620947028475
39.6, 5.286681209349495
39.7, 5.841861809660855
39.800000000000004, 8.33613225732099
39.900000000000006, 6.030141541517621
40.0, 9.512198018943335
40.1, 6.727561704866402
40.2, 1.7715911697614812
40.300000000000004, 4.898702064163325
40.400000000000006, 5.453581772202321
40.5, -1.2146510718557968
40.6, 8.39790248801609
40.7, 9.750314976920416
40.800000000000004, 5.792473623356862
40.900000000000006, 4.572874463052528
41.0, 0.7896349033270709
41.1, 2.1649110754549667
41.2, 1.459173223601886
41.300000000000004, 5.351254022402751
41.400000000000006, -5.217180395011057
41.5, 5.5199921310341455
41.6, 1.2726404369206363
41.7, 4.567346702699644
41.800000000000004, 1.2737529612581908
41.900000000000006, -0.32257986569394315
42.0, 0.9440575728920677
42.1, 0.559567329248456
42.2, 0.8063956470107463
42.300000000000004, -2.822160654727315
42.400000000000006, -0.5642157825035805
42.5, -1.0072494749254335
42.6, -12.672809741544388
42.7, 0.5027144810678719
42.800000000000004, -1.2526262470174903
42.900000000000006, -1.7696292177094182
43.0, -6.093093758764434
43.1, -2.843490777584938
43.2, -4.0638728216386895
43.300000000000004, -3.1363185743798465
43.400000000000006, -2.339933881199951
43.5, 2.2213795354772765
43.6, -0.6044361834353853
43.7, -3.2875488955796257
43.800000000000004, -1.8449332593616834
43.900000000000006, -6.113989523449945
44.0, -2.4884347049026596
44.1, -6.654779453661741
44.2, -3.47404864662462
44.300000000000004, -8.018966741615426
44.400000000000006, 0.5006996817763669
44.5, -1.7322003762059093
44.6, -3.0424899648899277
44.7, -4.472480059659239
44.800000000000004, -6.4099950521875035
44.900000000000006, -4.046603724277525